2.61046179979
2.94069146879
2.76132215943
2.66712989402
2.77916686407
2.77916686407
2.72631099391
2.77916686407
2.69217588951
2.72631099391
2.77916686407
2.83411101631
3.62148470412
2.77916686407
2.57914750028
2.6344507644
2.69217588951
2.59471023879
2.75248540027
2.61840946513
2.65888439424
2.69217588951
2.81555668421
2.61046179979
2.97116326195
3.12213046212
2.77916686407
2.82480340738
2.97116326195
2.76132215943
2.78817591767
2.56377021147
3.91824886407
2.84348011383
2.76132215943
2.7349803507
2.68377515947
3.13350243276
2.83411101631
2.89126959622
2.61046179979
2.7702157972
3.17983011986
2.62640563829
2.65888439424
2.76132215943
2.84348011383
2.7349803507
2.57914750028
2.7006293374
2.87196248699
2.85291131079
1.909152433
2.78817591767
2.81555668421
2.67542665603
2.76132215943
2.80637025179
2.76132215943
2.77916686407
3.66778805553
2.77916686407
2.79724352283
2.86240522611
2.77916686407
2.74370497622
8.79054318281
2.71769638271
2.7006293374
3.13350243276
2.90102074142
3.21548399175
2.72631099391
2.90102074142
2.95077910901
2.78817591767
2.75248540027
2.72631099391
2.79724352283
2.72631099391
2.61046179979
2.62640563829
2.66712989402
2.80637025179
2.67542665603
2.7702157972
2.61840946513
2.58690547943
2.68377515947
2.7702157972
2.76132215943
2.32781508904
2.7349803507
3.02337626391
2.76132215943
2.78817591767
2.84348011383
2.82480340738
2.66712989402
2.80637025179
2.7702157972
3.73139699916
2.7702157972
2.76132215943
2.76132215943
2.7349803507
2.78817591767
2.80637025179
2.77916686407
2.74370497622
2.78817591767
2.83411101631
2.81555668421
2.7006293374
2.68377515947
2.75248540027
2.85291131079
2.80637025179
2.920721521
2.76132215943
2.79724352283
2.80637025179
2.65888439424
2.77916686407
2.86240522611
2.65888439424
2.65068968342
2.61046179979
2.78817591767
2.78817591767
3.09963212053
3.13350243276
2.78817591767
2.76132215943
2.7349803507
2.77916686407
2.7006293374
2.62640563829
2.72631099391
3.11084065349
2.57143588232
2.72631099391
2.71769638271
2.81555668421
2.30287894599
3.05559345775
2.78817591767
2.71769638271
2.76132215943
2.68377515947
1.62420882173
2.68377515947
2.7702157972
2.79724352283
2.76132215943
2.70913600056
3.05559345775
3.19162665655
2.68377515947
2.68377515947
3.12213046212
2.67542665603
2.75248540027
2.96093613416
2.7006293374
3.08850398957
2.46105465053
2.59471023879
3.4893249058
2.81555668421
2.6025622025
2.64254529406
2.6344507644
3.3403220797
2.54857507935
2.77916686407
2.75248540027
2.72631099391
2.75248540027
2.67542665603
3.04477844419
2.7006293374
2.69217588951
3.2035109532
2.881583729
2.66712989402
2.83411101631
2.74370497622
2.80637025179
2.77916686407
2.7006293374
2.78817591767
2.82480340738
2.65888439424
2.7006293374
2.46105465053
2.70913600056
2.81555668421
3.31458582064
2.76132215943
2.82480340738
2.83411101631
2.71769638271
3.22754676885
2.77916686407
2.78817591767
3.36646066343
2.74370497622
2.66712989402
2.80637025179
2.91083782617
2.7349803507
2.81555668421
2.68377515947
2.77916686407
2.59471023879
2.79724352283
2.57143588232
2.72631099391
2.76132215943
2.81555668421
2.85291131079
2.65888439424
2.68377515947
2.68377515947
2.80637025179
2.84348011383
2.78817591767
2.881583729
2.81555668421
3.50353164478
2.84348011383
2.71769638271
2.76132215943
2.94069146879
2.74370497622
2.69217588951
2.58690547943
2.97116326195
2.98146121998
2.72631099391
2.72631099391
2.99183074597
2.79724352283
2.93067250557
3.19162665655
2.65888439424
2.76132215943
2.91083782617
2.62640563829
2.61840946513
2.54857507935
3.01278750418
2.98146121998
2.7349803507
2.65068968342
2.7349803507
2.89126959622
2.78817591767
2.72631099391
2.61046179979
2.78817591767
2.76132215943
2.77916686407
2.79724352283
2.58690547943
2.7702157972
8.05441444638
2.58690547943
2.71769638271
2.7006293374
2.89126959622
2.76132215943
3.576334375
2.76132215943
2.70913600056
2.84348011383
2.69217588951
2.77916686407
2.62640563829
2.87196248699
2.82480340738
2.7702157972
2.7702157972
2.75248540027
2.81555668421
2.62640563829
2.81555668421
2.7349803507
2.66712989402
3.05559345775
2.75248540027
2.71769638271
2.99183074597
2.69217588951
2.65068968342
2.7349803507
2.70913600056
2.74370497622
16.0908163489
2.7702157972
2.86240522611
2.7702157972
2.79724352283
2.50405084161
2.89126959622
2.69217588951
2.58690547943
2.6025622025
3.15649647036
2.7349803507
2.99183074597
2.33413368664
3.05559345775
2.83411101631
2.65068968342
2.75248540027
6.78897457444
2.77916686407
2.77916686407
3.19162665655
3.05559345775
2.77916686407
2.67542665603
2.61840946513
2.7702157972
2.7349803507
2.76132215943
2.66712989402
2.86240522611
2.67542665603
2.76132215943
2.75248540027
2.65068968342
2.62640563829
2.881583729
2.51136326716
2.79724352283
3.03403964695
2.87196248699
2.78817591767
2.72631099391
2.62640563829
2.69217588951
2.57914750028
2.7349803507
2.80637025179
2.68377515947
2.90102074142
3.02337626391
3.02337626391
2.76132215943
2.74370497622
2.74370497622
3.5178543958
2.74370497622
2.62640563829
2.71769638271
2.68377515947
2.98146121998
2.75248540027
2.76132215943
2.75248540027
2.80637025179
2.6344507644
2.97116326195
2.71769638271
2.7702157972
2.7702157972
2.80637025179
2.61840946513
2.71769638271
2.68377515947
3.30186567444
2.7702157972
2.82480340738
2.91083782617
2.61046179979
2.86240522611
2.71769638271
2.67542665603
2.3793423736
3.62148470412
2.76132215943
2.87196248699
3.2035109532
2.61840946513
2.78817591767
2.7349803507
2.75248540027
2.76132215943
2.6025622025
2.82480340738
2.69217588951
2.79724352283
2.83411101631
2.74370497622
2.72631099391
2.93067250557
2.81555668421
2.7702157972
2.90102074142
2.84348011383
2.79724352283
2.61840946513
2.78817591767
3.1449574647
3.00227258789
2.99183074597
2.44010521432
2.84348011383
2.7702157972
2.02136494036
2.65068968342
2.78817591767
2.76132215943
2.78817591767
3.2397002961
2.79724352283
2.71769638271
2.77916686407
3.00227258789
2.70913600056
2.7006293374
2.7702157972
2.84348011383
2.56377021147
3.47523277673
2.51871849826
2.70913600056
2.7349803507
2.61046179979
3.31458582064
1.67810728991
2.7006293374
2.67542665603
2.77916686407
2.74370497622
2.70913600056
2.81555668421
2.82480340738
2.77916686407
2.75248540027
2.77916686407
2.46105465053
2.80637025179
2.68377515947
2.93067250557
2.7349803507
2.79724352283
2.77916686407
2.72631099391
3.16812037559
2.74370497622
2.76132215943
1.55095084379
2.91083782617
2.7349803507
2.79724352283
2.61840946513
2.83411101631
2.83411101631
2.59471023879
2.61840946513
1.80873932249
2.71769638271
1.99324814787
2.70913600056
2.98146121998
2.69217588951
2.57143588232
2.78817591767
2.74370497622
2.7702157972
2.64254529406
3.47523277673
2.90102074142
3.26428372402
2.71769638271
2.71769638271
2.7006293374
2.70913600056
2.85291131079
2.59471023879
2.78817591767
2.91083782617
2.61840946513
2.87196248699
2.77916686407
2.80637025179
2.7349803507
2.78817591767
2.7702157972
2.94069146879
2.77916686407
2.7006293374
3.65222278031
2.62640563829
2.70913600056
2.75248540027
2.7702157972
8.44752724791
3.09963212053
2.74370497622
2.70913600056
2.7702157972
2.75248540027
2.75248540027
2.62640563829
2.7349803507
2.77916686407
2.89126959622
2.71769638271
2.74370497622
2.80637025179
2.75248540027
1.67810728991
2.77916686407
2.57914750028
2.7006293374
2.79724352283
2.62640563829
2.44704864232
2.77916686407
2.68377515947
2.7349803507
2.75248540027
2.7349803507
3.00227258789
2.64254529406
2.72631099391
2.76132215943
2.56377021147
2.80637025179
4.06631877481
2.74370497622
2.76132215943
3.43363036245
2.75248540027
2.67542665603
2.7006293374
2.76132215943
2.61046179979
2.79724352283
2.76132215943
3.02337626391
2.74370497622
3.6063086226
2.74370497622
2.83411101631
2.7702157972
2.75248540027
3.17983011986
2.47522181186
2.78817591767
2.64254529406
2.81555668421
2.65888439424
2.79724352283
2.79724352283
2.67542665603
2.78817591767
2.6025622025
2.77916686407
2.77916686407
2.81555668421
2.65068968342
2.61046179979
2.82480340738
2.77916686407
2.69217588951
3.27671572528
2.70913600056
2.79724352283
3.01278750418
2.70913600056
2.87196248699
2.61840946513
2.65068968342
3.21548399175
5.42321859677
2.65888439424
2.7349803507
2.76132215943
3.00227258789
2.59471023879
2.77916686407
2.86240522611
2.80637025179
2.66712989402
2.7702157972
2.83411101631
2.79724352283
2.78817591767
7.00938425662
2.7702157972
2.7702157972
2.76132215943
2.7006293374
2.77916686407
3.37968378332
2.76132215943
2.70913600056
2.98146121998
2.72631099391
2.67542665603
2.68377515947
2.84348011383
2.78817591767
2.6344507644
2.66712989402
2.61840946513
2.34048666074
